538298
538331
538399
538422
538487
538593
538596
538605
538794
538849
699529
699533
699534
699537
699540
699543
699544
699545
699546
699548
699550
699551
699560
699561
699563
699564
699565
699569
699574
699576
699578
699579
699580
699581
699583
699584
699585
699587
699588
699590
699593
699595
699598
699600
699601
699602
699604
699609 є гендер у стілки
715259
754015
754023
754044
914519
914643
917254
1198553
1198556
1198559
1198562
1380852
1455571
1455591
1466336
1466339
1466592
1466595
1466598
1466601
1466604
1528118
1576738
1576763
1576776
1601360
1656585
1656595
1673144
1736338
1746982
1773439
1842060
1842068
1842076
1890022
1921834
1975806
1997245
2019910 кросівки
2059805
2068280
2068282
2099535
2101573
2101769
2101856
2135076
2145174
2147034
2148596
2157531
2157582
2176618
2178464
2178576
2178640
2178656
2179706
2179736
2179864
2179897
2179945
2179961
2180067
2182032
2182053
2182097
2182226
2182353
2182375
2182396
2182417
2182847
2183150
2183624
2185182
2185687
2185701
2191444
2194475
2195098
2206880
2217659
2217674
2217689
2217711
2232037
2253754
2256330
2272083
2298643
2396083
2400598
2408527
2408543
2408575
2408591
2408607
2408623
2408636
2408649
2408665
2408681
2408733
2602026
2602028
2602070
2602072
2609882
2697629
2704033
2704035
2704037
2704039
2704041
2704043
2704045
2704047
2704049
2704051
2704053
2704055
2704057
2704059
2704063
2704065
2704067
2704069
2704071
2704073
2704075
2704077
2704079
2704081
2704083
2704085
2704087
2704093
2704101
2704103
2704105
2704107
2704111
2704119
2704131
2704133
2704135
2704137
2704139
2704141
2704143
2704145
2704147
2704149
2704151
2704153
2704159
2704161
2704163
2704165
2704167
2704169
2704171
2704173
2704175
2704177
2704179
2704181
2704183
2704185
2704187
2704189
2704191
2704193
2704195
2704197
2704199
2704201
2704203
2704205
2704207
2704209
2704211
2704213
2704215
2704217
2704221
2704223
2704225
2704227
2704229
2704231
2704233
2704235
2704237
2704239
2704241
2704243
2704245
2704247
2704249
2704251
2704253
2704255
2704257
2704259
2704261
2704265
2704267
2704269
2704271
2704273
2750499
2750501
2750503
2750505
2750509
2753343 -малиновий ру
2772996 -+
2812617 - ---
2818513 - малиновий
2852241 ---
2852243
2852245
2852247
2852249
2852251
2852253
2852255
2852257
2852259
2852261
2852263
2852265
2852267
2852269
2852271
2852273
2852275
2852277
2852279
2852281
2852283
2852285
2852287
2852289
2852291
2852293
2852295
2852297
2852299
2852301
2852303
2852305
2852307
2852309
2852311
2852313
2852315
2852317
2852319
2852321
2852323
2852325
2852327
2852329
2852331
2852333
2852335
2852337
2852339
2852341
2852343
2852345
2852349
2852351
2852353
2852355
2852357
2852359
2852361
2852363
2852365
2852367
2853862
2853886
2853898
2853976
2854004
2854060
2893848
2919215
2919217
2919219
2919221
2919223
2919225
2919227
2919229
2919231
2919233
2919235
2919237
2919239
2919241
2919243
2919245
2919247
2920081
2922330
2922336
2922348
2922350
2928784
2928786
2928788
2928790
2928792
2928794
2928796
2928798
2928800
2928802
2928804
2928806
2928808
2928810
2928814
2928816
2928818
2928820
2928822
2928824
2928826
2928828
2928830
2928832
2928834
2928836
2928838
2928840
2928842
2928844
2928846
2928848
2928850
2928852
2928854
2928856
2928858
3011643
3011657
3011687
3026633 - салатовий ру
3026773  - салатовий ру
3027843  - малиновий ру
3028384  салатовий ру
3028429 салатовий ру
3042417  ----
3081433 -малиновий
3085227 -малиновий
3086695 ---
3086704
3086731
3104384 -малиновий ру
3104582
3104648
3104758 
3104934 -малиновий ру
3105018 -малиновий ру 
3107385 -----
3107387
3121429 -малиновий ру
3122915 - салатовий ру
3124112 ---
3124114
3124116
3124118
3124120
3124122
3124124
3124126
3124128
3124130
3124132
3124134
3124136
3124138
3124140
3124142
3124144
3124146
3124350
3124352
3124354
3124356
3124358
3124360
3124362
3124364
3124366
3124368
3124370
3124372
3124374
3124376
3124378
3124380
3124793
3171361 з-малиновий
3179079
3179101
3179241
3179412
3185443
3188399
3188427
3188627 
3190120
3190365
3190479
3210581
3211457
3211556
3211961 по-малиновий ру
3235128 ---
3235130
3235144
3235148
3235152 -----
3236380 з-салатовий
3236488
3236578
3236614
3236830
3239204
3239309 по - салатовий
3246026 ---
3246028
3246030
3246032
3246034
3246038
3246042
3246046
3246048
3246054
3246056
3246058
3246210 ---
3278701 - малиновий
3300548 - малиновий
3301701 - салатовий